lF = 0.3045+/-0.001
lP = 1.05+/-0.001
nF = 13
lR = 0.302+/-0.001
nR = 13
aB1 = 0.22+/-0.003
aB2 = 0.0+/-0.003
aB3 = -0.379+/-0.003
aH1 = 0.468+/-0.003
aH2 = 0.396+/-0.003
aH3 = 0.015+/-0.003
mF = 1.9+/-0.02
mP = 5.56+/-0.02
mB = 3.31+/-0.02
mH = 2.45+/-0.02
alphaB1 = 139.5+/-0.2
alphaB2 = 345.4+/-0.2
alphaB3 = 215.9+/-0.2
mR = 2.57+/-0.02
alphaH1 = 0.3+/-0.2
alphaH2 = 32.0+/-0.2
alphaH3 = 87.9+/-0.2
f = 0.0565+/-0.001
dF = 27.925+/-0.01
dP = 0.03+/-0.0001
w = 1.089+/-0.002
dR = 27.884+/-0.01
gamma = 72.7+/-0.2
g = 9.81 +/- 0.01
lcs = 0.45
hbb = 0.27658035936203973
lsp = 0.21
lst = 0.515
lamst = 1.265363707695889
whb = 0.24
LhbF = 0.7
LhbR = 1.145
TcB1 = 1.71695407687+/-1.14328081025e-05
TcF1 = 1.49847435147+/-1.92446763795e-05
TcH1 = 1.5182064062+/-8.21997804456e-06
TcR1 = 1.40930922435+/-1.56725622373e-05
TtB1 = 1.1902858275+/-1.83136678217e-05
TtB2 = 1.20078455321+/-6.47320664177e-06
TtB3 = 1.28213595378+/-7.91264846696e-06
TtF1 = 0.773039777241+/-1.71000972081e-06
TtH1 = 1.01269794864+/-2.62213889754e-06
TtH2 = 0.948609384275+/-2.41380261892e-06
TtH3 = 0.457928910447+/-5.65787520945e-07
TtP1 = 1.89399317145+/-5.93377589066e-06
TtR1 = 0.784394809361+/-1.09500982313e-06
