mB = 83.5+/-2.0
xB = 0.335361163913330+/-0.0
yB = 0.0+/-0.0
zB = -1.097786556912609+/-0.0
IBxx = 9.098500468058516+/-0.0
IBxz = -1.328875652975083+/-0.0
IByy = 8.964623392802004+/-0.0
IBzz = 2.524203137674363+/-0.0
