IBxx = 9.09850046806
IBxz = -1.32887565298
IByy = 8.9646233928
IBzz = 2.52420313767
mB = 83.5+/-2.0
xB = 0.335361163913
yB = 0.0
zB = -1.09778655691
