IBxx = 9.57707087143
IBxz = -1.02983731033
IByy = 9.71438946103
IBzz = 2.16361764694
mB = 83.5
xB = 0.352471843075
yB = 2.77335755173e-08
zB = -1.10674939861
