lF = 0.26425+/-0.001
lP = 1.05+/-0.001
nF = 14
lR = 0.2645+/-0.001
nR = 14
aB1 = 0.304+/-0.003
aB2 = 0.395+/-0.003
aB3 = -0.107+/-0.003
aH1 = 0.341+/-0.003
aH2 = 0.277+/-0.003
aH3 = -0.008+/-0.003
mF = 1.5+/-0.02
mP = 5.56+/-0.02
mB = 4.48+/-0.02
mH = 2.52+/-0.02
alphaB1 = 125.9+/-0.2
alphaB2 = 75.7+/-0.2
alphaB3 = 190.8+/-0.2
mR = 1.94+/-0.02
alphaH1 = 35.3+/-0.2
alphaH2 = 50.0+/-0.2
alphaH3 = 93.8+/-0.2
f = 0.0385+/-0.001
dF = 29.044+/-0.01
dP = 0.03+/-0.0001
w = 1.07+/-0.002
dR = 29.788+/-0.01
gamma = 71.1+/-0.2
g = 9.81 +/- 0.01
TcB1 = 1.63257241686+/-3.78747584928e-06
TcF1 = 1.46351942388+/-4.28638104612e-06
TcH1 = 1.42202097519+/-2.2216868942e-06
TcR1 = 1.36206307943+/-6.67576162311e-06
TtB1 = 1.29169390711+/-2.86110211063e-06
TtB2 = 1.50653379762+/-4.55323430036e-06
TtB3 = 1.36793873901+/-3.6230026194e-06
TtF1 = 0.665696467328+/-1.25628007094e-06
TtH1 = 0.826935810516+/-2.3491329007e-06
TtH2 = 0.72050280427+/-1.0717013253e-06
TtH3 = 0.371985554643+/-3.00453790372e-07
TtP1 = 1.89399317145+/-5.93377589066e-06
TtR1 = 0.66505229793+/-8.14417802793e-07
