lF = 0.301+/-0.001
lP = 1.05+/-0.001
nF = 13
lR = 0.2975+/-0.001
nR = 13
aB1 = 0.248+/-0.003
aB2 = 0.075+/-0.003
aB3 = -0.289+/-0.003
aH1 = 0.496+/-0.003
aH2 = 0.466+/-0.003
aH3 = 0.301+/-0.003
mF = 3.545+/-0.02
mP = 5.56+/-0.02
mB = 9.18+/-0.02
mH = 4.57+/-0.02
alphaB1 = 127.6+/-0.2
alphaB2 = 158.0+/-0.2
alphaB3 = 223.9+/-0.2
mR = 3.96+/-0.02
alphaH1 = 358.4+/-0.2
alphaH2 = 20.6+/-0.2
alphaH3 = 303.8+/-0.2
f = 0.045+/-0.001
dF = 27.98+/-0.01
dP = 0.03+/-0.0001
w = 1.101+/-0.002
dR = 27.768+/-0.01
gamma = 69.0+/-0.2
g = 9.81 +/- 0.01
lcs = 0.465
hbb = 0.29
lsp = 0.28
lst = 0.49
lamst = 1.2356931104119853
whb = 0.56
LhbF = 0.81
LhbR = 1.08
TcB1 = 1.67642832801+/-2.66725495016e-06
TcF1 = 1.35497433248+/-4.2826118253e-06
TcH1 = 1.62812554335+/-4.68103195851e-06
TcR1 = 1.29936975217+/-7.90958016657e-06
TtB1 = 2.26011002034+/-1.29833697844e-05
TtB2 = 2.09594600471+/-2.4151188464e-05
TtB3 = 1.92016974517+/-1.38000936541e-05
TtF1 = 0.818257777294+/-1.61681772917e-06
TtH1 = 1.69026378117+/-0.000113142614477
TtH2 = 1.6439972228+/-0.00012665270655
TtH3 = 1.21589993871+/-2.00027916365e-05
TtP1 = 1.89399317145+/-5.93377589066e-06
TtR1 = 0.823569786469+/-1.34542549293e-06
