# Parameters generated from the measurements of the Browser bicycle.
IBxx: 0.52962890621
IBxz: -0.116285607878
IByy: 1.3163960125
IBzz: 0.756786895402
IFxx: 0.0883826870796
IFyy: 0.149221207336
IHxx: 0.25335539588
IHxz: -0.0720217263293
IHyy: 0.245827908036
IHzz: 0.0955686343473
IRxx: 0.0904114316323
IRyy: 0.152391250767
c: 0.0685808540382
g: 9.81
lam: 0.399680398707
mB: 9.86
mF: 2.02
mH: 3.22
mR: 3.11
rF: 0.34352982332
rR: 0.340958858855
v: 5.0
w: 1.121
xB: 0.275951285677
xH: 0.866949640247
zB: -0.537842424305
zH: -0.748236400835
