dF = 21.0780313+/-0.001, 21.0859688+/-0.001, 21.0899375+/-0.001
dR = 20.8907063+/-0.001, 20.8938813+/-0.001, 20.8954688+/-0.001
nF = 10+/-0, 10+/-0, 10+/-0
nR = 10+/-0, 10+/-0, 10+/-0
h1 = 0.9158732+/-0.00008, 0.915924+/-0.00008, 0.9158732+/-0.00008, 0.9153144+/-0.00008, 0.9153398+/-0.00008, 0.9153144+/-0.00008
h2 = 0.1016+/-0.00001
h3 = 0.0674243+/-0.00008, 0.067043+/-0.00008, 0.0669925+/-0.00008, 0.0668528+/-0.00008
h4 = 0.1221486+/-0.00008, 0.1220724+/-0.00008
h5 = 0.0835533+/-0.00008, 0.0835406+/-0.00008
d1 = 0.0370713+/-0.00004, 0.03703574+/-0.00004
d2 = 0.00979424+/-0.00004, 0.00980186+/-0.00004
d3 = 0.0100457+/-0.00004, 0.0100457+/-0.00004
d4 = 0.0285496+/-0.00004, 0.0285496+/-0.00004
d = 0.96338263+/-0.00008
mR = 4.90+/-0.01
mF = 1.55+/-0.01
mH = 3.35+/-0.01
mB = 22.90+/-0.01
mS = 2.05+/-0.01
alphaB1 = 217.0+/-0.1
alphaB2 = 180.2+/-0.1
alphaB3 = 55.7+/-0.1
alphaB4 = 342.5+/-0.1
aB1 = -0.5215+/-0.001
aB2 = -0.295+/-0.001
aB3 = 0.51825+/-0.001
aB4 = 0.1395+/-0.001
alphaH1 = 57.3+/-0.1
alphaH2 = 224.4+/-0.1
alphaH3 = 332.3+/-0.1
aH1 = -0.059+/-0.001
aH2 = 0.07525+/-0.001
aH3 = -0.069+/-0.001
alphaS1 = 252.6+/-0.1
alphaS2 = 156.2+/-0.1
alphaS3 = 127.6+/-0.1
alphaS4 = 20.9+/-0.1
alphaS5 = 301.0+/-0.1
aS1 = -0.0925+/-0.001
aS2 = -0.407+/-0.001
aS3 = -0.2965+/-0.001
aS4 = 0.3855+/-0.001
aS5 = 0.255+/-0.001
qF = 0.591439+/-0.00008
qR = 0.5605526+/-0.00008
