IBxx = 13.9966729648+/-0.0613022648031
IBxz = -0.611306478417+/-0.043303467875
IByy = 15.4632715712+/-0.0539052473803
IBzz = 4.42817845779+/-0.0207841741765
IFxx = 0.0524475128396+/-0.000168690908608
IFyy = 0.0983720589324+/-0.000678080004122
IFzz = 0.0524475128396+/-0.000168690908608
IGxx = 0.0500578473905+/-0.00017492692325
IGxz = 0.00533908510242+/-3.24668914091e-05
IGyy = 0.0174089850654+/-0.000197222100405
IGzz = 0.0618604570426+/-0.000222594235163
IHxx = 0.337554885857+/-0.00293771473148
IHxz = -0.0996346010819+/-0.0014217691269
IHyy = 0.339925043172+/-0.00401223893069
IHzz = 0.109427327145+/-0.000794484820173
IRxx = 0.0700963804567+/-0.000225450850594
IRyy = 0.12934189355+/-0.000591786942138
IRzz = 0.0700963804567+/-0.000225450850594
ISxx = 0.0803395477154+/-0.000284289402369
ISxz = -0.0369650052699+/-0.000130586632486
ISyy = 0.0930316861848+/-0.00108855640875
ISzz = 0.0252399889308+/-0.000129399415033
c = 0.0717614614396+/-0.000121317096636
g = 9.81+/-0.01
lam = 0.350468370354+/-0.000231210130478
mB = 106.4+/-2.00002499984
mF = 1.55+/-0.01
mG = 3.35+/-0.01
mH = 5.4+/-0.0141421356237
mR = 4.9+/-0.01
mS = 2.05+/-0.01
rF = 0.335572561302+/-9.1888149237e-06
rR = 0.332528026978+/-9.1888149237e-06
w = 1.07592990113+/-0.000152063917072
xB = 0.332350089299+/-0.00151877874621
xG = 0.75893055288+/-0.00208729282813
xH = 0.80923098055+/-0.00134906317764
xS = 0.891429240401+/-0.000801372055716
zB = -1.02216997875+/-0.00172490846666
zG = -1.13062915301+/-0.00227168154394
zH = -0.977411795466+/-0.00162378012019
zS = -0.727032211183+/-0.00156632320815
