# These are Charlie's measurements scaled to be the size of an average 5 year
# old male child. Charlie's height is 175.8 cm (1.758 m) and an average child is
# 1.016 m tall, giving a scaling factor of 0.5779294653014789.
# experiments.
measurementconversionfactor: 0.01
totalmass: 18.96 # average weight of 5 year old male
Ls1L: 11.558589306
La2L: 14.5638225256
Lb2L: 15.1417519909
Ls2L: 14.1592718999
La3L: 17.7424345848
Lb3L: 17.9158134243
Ls3L: 21.3255972696
La4L: 33.2887372014
Lb4L: 33.2309442548
Ls4L: 32.9997724687
La5L: 3.00523321957
Lb5L: 2.83185437998
Ls5L: 34.444596132
La6L: 7.62866894198
Lb6L: 7.97542662116
Ls6L: 6.06825938567
La7L: 10.4027303754
Lb7L: 10.5183162685
Ls7L: 8.95790671217
Ls8L: 15.1995449374
La0p: 22.8860068259
Lb0p: 21.7301478953
La1p: 16.1242320819
Lb1p: 16.5865756542
Ls0p: 56.6370875995
La2p: 15.3151308305
Lb2p: 15.6618885097
Ls1p: 50.5110352673
La3p: 16.0664391354
Lb3p: 16.5865756542
Ls2p: 49.5863481229
La4p: 10.1715585893
Lb4p: 10.3449374289
Ls3p: 56.1747440273
La5p: 14.5638225256
Lb5p: 14.3326507395
Ls5p: 22.3658703072
La6p: 9.53583617747
Lb6p: 10.1715585893
Ls6p: 28.3763367463
La7p: 6.87736063709
Lb7p: 7.33970420933
Ls7p: 33.0575654152
La4w: 3.35199089875
Lb4w: 3.46757679181
Ls0w: 18.8405005688
La5w: 5.77929465301
Lb5w: 5.83708759954
Ls1w: 17.222298066
La6w: 4.04550625711
Lb6w: 4.2188850967
Ls2w: 16.5287827076
La7w: 2.83185437998
Lb7w: 2.94744027304
Ls3w: 18.204778157
Ls4w: 26.4691695108
Lj1L: 5.95267349261
Lk1L: 6.1260523322
Ls4d: 10.6339021615
Lj3L: 23.6951080774
Lk3L: 23.4639362912
Lj4L: 31.4393629124
Lk4L: 32.0750853242
Lj5L: 47.9103526735
Lk5L: 47.2746302617
Lj6L: 1.1558589306
Lk6L: 1.7337883959
Lj8L: 8.03321956769
Lk8L: 8.78452787258
Lj9L: 11.3274175199
Lk9L: 12.3098976109
Lj1p: 33.1731513083
Lk1p: 34.6179749716
Lj2p: 28.0873720137
Lk2p: 29.5899886234
Lj3p: 22.8282138794
Lk3p: 23.3483503982
Lj4p: 21.8457337884
Lk4p: 21.7301478953
Lj5p: 15.4307167235
Lk5p: 15.4885096701
Lj6p: 19.5340159272
Lk6p: 19.5918088737
Lj7p: 14.7372013652
Lk7p: 14.2748577929
Lj8p: 14.2748577929
Lk8p: 14.2170648464
Lj9p: 12.5988623436
Lk9p: 13.0034129693
Lj8w: 5.25915813424
Lk8w: 5.31695108077
Lj9w: 5.43253697383
Lk9w: 5.31695108077
Lj6d: 7.10853242321
Lk6d: 7.33970420933
