dF = 21.0780313+/-0.001, 21.0859688+/-0.001, 21.0899375+/-0.001
dR = 20.8907063+/-0.001, 20.8938813+/-0.001, 20.8954688+/-0.001
nF = 10, 10, 10
nR = 10, 10, 10
h1 = 0.9158732+/-0.00008, 0.915924+/-0.00008, 0.9158732+/-0.00008, 0.9153144+/-0.00008, 0.9153398+/-0.00008, 0.9153144+/-0.00008
h2 = 0.1016+/-0.00001
h3 = 0.0674243+/-0.00008, 0.067043+/-0.00008, 0.0669925+/-0.00008, 0.0668528+/-0.00008
h4 = 0.1221486+/-0.00008, 0.1220724+/-0.00008
h5 = 0.0835533+/-0.00008, 0.0835406+/-0.00008
h6 = 0.15369+/-0.00001
h7 = 0.14833+/-0.00001
d1 = 0.0370713+/-0.00004, 0.03703574+/-0.00004
d2 = 0.00979424+/-0.00004, 0.00980186+/-0.00004
d3 = 0.0100457+/-0.00004, 0.0100457+/-0.00004
d4 = 0.0285496+/-0.00004, 0.0285496+/-0.00004
d5 = 0.01001+/-0.00001
d6 = 0.02217+/-0.00001
d = 0.96338263+/-0.00008
l = 0.962406+/-0.002
mR = 4.90+/-0.01
mF = 1.55+/-0.01
mG = 3.35+/-0.01
mB = 22.90+/-0.01
mS = 2.05+/-0.01
alphaB1 = 233.0+/-0.1
alphaB2 = 180.2+/-0.1
alphaB3 = 55.7+/-0.1
alphaB4 = 342.5+/-0.1
alphaB5 = 51.8+/-0.1
aB1 = -0.5215+/-0.001
aB2 = -0.295+/-0.001
aB3 = 0.51825+/-0.001
aB4 = 0.1395+/-0.001
aB5 = 0.51625+/-0.001
alphaG1 = 57.3+/-0.1
alphaG2 = 224.4+/-0.1
alphaG3 = 332.3+/-0.1
aG1 = -0.059+/-0.001
aG2 = 0.07525+/-0.001
aG3 = -0.069+/-0.001
alphaS1 = 252.6+/-0.1
alphaS2 = 156.2+/-0.1
alphaS3 = 127.6+/-0.1
alphaS4 = 20.9+/-0.1
alphaS5 = 301.0+/-0.1
aS1 = -0.0925+/-0.001
aS2 = -0.407+/-0.001
aS3 = -0.2965+/-0.001
aS4 = 0.3855+/-0.001
aS5 = 0.255+/-0.001
lF = 0.2957195+/-0.00008
lR = 0.2802763+/-0.00008
mP = 4.65+/-0.01
dP = 0.03009+/-0.00001, 0.03010+/-0.00001, 0.03012+/-0.00001
lP = 0.8355+/-0.001
g = 9.81+/-0.01
lst = 0.5476875
lsp = 0.2032
whb = 0.535
LhbR = 1.0795
LhbF = 0.90805
hbb = 0.291
lcs = 0.423
lamst = 1.267109037
xcl = 0.1984375
zcl = -0.942975
# ds1 and ds3 may not be that accurate of measurements
ds1 = 0.1349375
ds3 = -0.3603625
TcB1 = 1.88230886153+/-8.82988138885e-05
TcF1 = 1.43308791869+/-1.97417909435e-05
TcG1 = 0.772670557802+/-2.17067624182e-05
TcR1 = 1.22756837985+/-2.40589529543e-05
TcS1 = 1.47090629433+/-3.02321660553e-05
TtB1 = 3.42292311327+/-0.000150565484833
TtB2 = 2.70613266739+/-2.2322886352e-05
TtB3 = 3.07592110787+/-2.13922869876e-05
TtB4 = 2.46588489403+/-5.25155976704e-05
TtB5 = 3.08044654264+/-0.000119024683742
TtF1 = 0.421156995746+/-7.35568080827e-06
TtG1 = 0.448653508209+/-7.67889476368e-06
TtG2 = 0.435446584274+/-1.16575745512e-05
TtG3 = 0.416187252636+/-1.16264285315e-05
TtP1 = 0.95691904392+/-2.0352369725e-06
TtR1 = 0.486888331488+/-6.53327016652e-06
TtS1 = 0.15191473471+/-0.000173154041374
TtS2 = 0.535663629365+/-2.44654339388e-06
TtS3 = 0.438209054995+/-5.88172139429e-06
TtS4 = 0.529938720663+/-2.47108255048e-05
TtS5 = 0.372150409705+/-5.11947455436e-06
