IBxx = 2.63751918806+/-0.011141147301
IBxz = 0.65355108991+/-0.00257157016663
IByy = 4.27679806219+/-0.0117267758886
IBzz = 1.94277851254+/-0.0194143157306
IFxx = 0.0524475128396+/-0.000168690908608
IFyy = 0.0983720589324+/-0.000678080004122
IGxx = 0.0497187764522+/-0.000174455202321
IGxz = 0.00493851583989+/-2.83090548638e-05
IGyy = 0.0174089850654+/-0.000197222100405
IGzz = 0.0621995279809+/-0.000224153263826
IHxx = 0.343873849682+/-0.00300081291905
IHxz = -0.0918999164196+/-0.00137845404385
IHyy = 0.339925043172+/-0.00401223893069
IHzz = 0.10310836332+/-0.000713162568858
IRxx = 0.0700963804567+/-0.000225450850594
IRyy = 0.12934189355+/-0.000591786942138
ISxx = 0.0827160331984+/-0.00029149825545
ISxz = -0.0350687985221+/-0.000126243191633
ISyy = 0.0930316861848+/-0.00108855640875
ISzz = 0.0228635034478+/-0.000125326498665
c = 0.0599399125715+/-0.000144359307346
g = 9.81+/-0.01
lam = 0.317489078499+/-0.000324568695876
mB = 22.9+/-0.01
mF = 1.55+/-0.01
mG = 3.35+/-0.01
mH = 5.4+/-0.0141421356237
mR = 4.9+/-0.01
mS = 2.05+/-0.01
rF = 0.335572561302+/-9.1888149237e-06
rR = 0.332528026978+/-9.1888149237e-06
w = 1.06378677685+/-0.000166142163674
xB = 0.334844476225+/-0.00690189995787
xG = 0.773175453165+/-0.00204578962755
xH = 0.818396445062+/-0.00132894376927
xS = 0.892294163528+/-0.000835322896001
zB = -0.735628402212+/-0.00476533104829
zG = -1.14064934606+/-0.00231836644684
zH = -0.98585673135+/-0.00164933184028
zS = -0.732902946335+/-0.00155310201047
