aB1 = 0.153+/-0.001
aB2 = -0.1945+/-0.001
aB3 = -0.105+/-0.001
aB4 = 0.192+/-0.001
aH1 = 0.238+/-0.001
aH2 = 0.2875+/-0.001
aH3 = 0.0975+/-0.001
aH4 = -0.008+/-0.001
alphaB1 = 134.1+/-0.1
alphaB2 = 219+/-0.1
alphaB3 = 192.8+/-0.1
alphaH1 = 323.5+/-0.1
alphaH2 = 342.8+/-0.1
alphaH3 = 292.5+/-0.1
alphaH4 = 272.1+/-0.1
d = 0.5413375+/-0.00008
d1 = 0.045737018+/-0.00004
d2 = 0.0094488+/-0.00004
d3 = 0.0+/-0.0
d4 = 0.0+/-0.0
dF = 21.3055708+/-0.001, 21.2509227+/-0.001
dP = 0.03009+/-0.00001, 0.0301+/-0.00001, 0.03012+/-0.00001
dR = 21.6818591+/-0.001, 21.6917524+/-0.001
g = 9.81+/-0.01
h1 = 0.56515+/-0.00008
h2 = 0.0311023+/-0.00008
h3 = 0.09246235+/-0.00008
h4 = 0.0+/-0.0
h5 = 0.0+/-0.0
lF = 0.10082+/-0.00008
lP = 0.8355+/-0.00008
lR = 0.0925115+/-0.001
mB = 3.03906888+/-0.01
mD = 3.85553515+/-0.01
mF = 1.40613635+/-0.01
mH = 1.36077711+/-0.01
mP = 4.65+/-0.01
mR = 1.54221406+/-0.01
nF = 23
nR = 23
lsp = 0.0381
lst = 0.238125
lamst = 1.23394778
hbb = 0.1905
LhbR = 0.67945
LhbF = 0.6096
lcs = 0.2413
whb = 0.42275
TcB1 = 1.17360779985+/-0.000113325016711
TcD1 = 0.796227679118+/-2.35973826654e-05
TcF1 = 0.887466425789+/-1.20258105068e-05
TcH1 = 1.28884191208+/-5.94220032645e-06
TcR1 = 0.812587406213+/-9.98791668268e-06
TtB1 = 0.346847556321+/-2.46601833704e-05
TtB2 = 0.382250779462+/-7.66435210087e-06
TtB3 = 0.356724884192+/-1.58323788552e-05
TtD1 = 0.216570012201+/-4.0384345771e-06
TtF1 = 0.169795337684+/-3.77334600399e-06
TtH1 = 0.360973192519+/-1.92081666977e-05
TtH2 = 0.39498048318+/-1.15257598507e-06
TtH3 = 0.22540708698+/-7.90585820999e-07
TtH4 = 0.209330171024+/-1.01829628026e-06
TtP1 = 0.95691904392+/-2.0352369725e-06
TtR1 = 0.156524202115+/-3.91621199646e-06
