lF = 0.297+/-0.001
lP = 1.05+/-0.001
nF = 14
lR = 0.2975+/-0.001
nR = 14
aB1 = 0.329+/-0.003
aB2 = 0.293+/-0.003
aB3 = -0.267+/-0.003
aH1 = 0.337+/-0.003
aH2 = 0.4+/-0.003
aH3 = -0.063+/-0.003
mF = 1.58+/-0.02
mP = 5.56+/-0.02
mB = 4.49+/-0.02
mH = 2.27+/-0.02
alphaB1 = 120.2+/-0.2
alphaB2 = 40.7+/-0.2
alphaB3 = 215.9+/-0.2
mR = 1.38+/-0.02
alphaH1 = 38.8+/-0.2
alphaH2 = 12.4+/-0.2
alphaH3 = 102.2+/-0.2
f = 0.0315+/-0.001
dF = 29.366+/-0.01
dP = 0.03+/-0.0001
w = 0.989+/-0.002
dR = 29.212+/-0.01
gamma = 74.2+/-0.2
g = 9.81 +/- 0.01
TcB1 = 1.63988549098+/-6.09223646174e-06
TcF1 = 1.45115377659+/-4.69484368201e-06
TcH1 = 1.39260570372+/-2.32445158601e-06
TcR1 = 1.39504641486+/-3.88159278246e-06
TtB1 = 1.26420151317+/-1.1020359906e-05
TtB2 = 1.50127863596+/-7.05511778386e-06
TtB3 = 1.49296965795+/-5.09800881475e-06
TtF1 = 0.623245270589+/-6.38102543609e-07
TtH1 = 0.776458345085+/-1.36048360723e-06
TtH2 = 0.830610406763+/-2.77744026616e-06
TtH3 = 0.525099469331+/-5.29469164537e-07
TtP1 = 1.89399317145+/-5.93377589066e-06
TtR1 = 0.622564653887+/-1.01113109619e-06
