lF = 0.297+/-0.001
lP = 1.05+/-0.001
nF = 13
lR = 0.2965+/-0.001
nR = 14
aB1 = 0.249+/-0.003
aB2 = -0.267+/-0.003
aB3 = -0.071+/-0.003
aH1 = 0.329+/-0.003
aH2 = -0.038+/-0.003
aH3 = 0.4+/-0.003
mF = 3.334+/-0.02
mP = 5.56+/-0.02
mB = 7.22+/-0.02
mH = 3.04+/-0.02
alphaB1 = 128.9+/-0.2
alphaB2 = 221.6+/-0.2
alphaB3 = 184.5+/-0.2
mR = 3.96+/-0.02
alphaH1 = 36.0+/-0.2
alphaH2 = 94.0+/-0.2
alphaH3 = 347.3+/-0.2
f = 0.045+/-0.001
dF = 27.772+/-0.01
dP = 0.03+/-0.0001
w = 1.037+/-0.002
dR = 29.774+/-0.01
gamma = 73.1+/-0.2
g = 9.81 +/- 0.01
lcs = 0.445
hbb = 0.290
lst = 0.480
lsp = 0.195
lamst = 1.308996939
whb = 0.58
LhbF=0.6552
LhbR=1.1014
TcB1 = 1.59880197567+/-6.3096072159e-06
TcF1 = 1.35366619175+/-5.30396954785e-06
TcH1 = 1.45406634451+/-1.95301826402e-05
TcR1 = 1.31217723331+/-7.33295949904e-06
TtB1 = 1.815949139+/-1.36701497554e-05
TtB2 = 1.58519804957+/-9.16825068389e-06
TtB3 = 1.66019943538+/-8.06563293967e-06
TtF1 = 0.801625248455+/-1.12728802487e-06
TtH1 = 1.01149389309+/-4.48284908821e-06
TtH2 = 0.525350778277+/-2.21244434089e-06
TtH3 = 1.08603695606+/-5.66372430716e-06
TtP1 = 1.89399317145+/-5.93377589066e-06
TtR1 = 0.811662317594+/-9.30058972579e-07
